import 'package:google_generative_ai/google_generative_ai.dart';

class LegoBrickCodeGenerator {
  final String apiKey;

  LegoBrickCodeGenerator(this.apiKey);

  Future<Map<String, dynamic>> generateCode(List<String> recognizedTags) async {
    final model = GenerativeModel(
      model: 'gemini-1.5-pro',
      apiKey: apiKey,
      generationConfig: GenerationConfig(
        temperature: 1,
        topK: 64,
        topP: 0.95,
        maxOutputTokens: 8192,
        responseMimeType: 'text/plain',
      ),
    );

    // Create the input string for the Lego bricks
    String legoBricksInput = 'lego_bricks [${recognizedTags.join(', ')}]';

    // Prepare the prompt
    final content = [
      Content.multi([
        TextPart('You are generating a ldraw model code. You are to generate an object ideas from the specified the lego_bricks. Even if the information is not complete, generate something similar in format. Complete the code. Don\'t make it super long. Name the model by including, "0 Name:". Be creative with the name and model. Make it short but complete.'),
        TextPart('Use the following bricks only for generation: [10247, 11090, 11211, 11212, 11214, 11458, 11476, 11477, 14704, 14719, 14769, 15068, 15070, 15100, 15379, 15392, 15535, 15573, 15712, 18651, 18654, 18674, 18677, 20482, 22388, 22885, 2357, 2412b, 2420, 24201, 24246, 2431, 2432, 2436, 2445, 2450, 2454, 2456, 24866, 25269, 2540, 26047, 2654, 26601, 26603, 26604, 2780, 27925, 28192, 2877, 3001, 3002, 3003, 3004, 3005, 3008, 3009, 3010, 30136, 3020, 3021, 3022, 3023, 3024, 3031, 3032, 3034, 3035, 3037, 30374, 3039, 3040, 30413, 30414, 3062b, 3065, 3068b, 3069b, 3070b, 32000, 32013, 32028, 32054, 32062, 32064, 32073, 32123, 32140, 32184, 32278, 32316, 3245c, 32523, 32524, 32525, 32526, 32607, 32952, 33291, 33909, 34103, 3460, 35480, 3622, 3623, 3660, 3665, 3666, 3673, 3700, 3701, 3705, 3710, 3713, 3749, 3795, 3832, 3937, 3941, 3958, 4032, 40490, 4070, 4073, 4081b, 4085, 4162, 41677, 41740, 41769, 41770, 42003, 4274, 4286, 43093, 43722, 43723, 44728, 4477, 4519, 4589, 4599b, 4740, 47457, 48336, 4865, 48729, 49668, 50950, 51739, 53451, 54200, 59443, 60470, 60474, 60478, 60479, 60481, 60483, 60592, 60601, 6091, 61252, 6134, 61409, 61678, 62462, 63864, 63868, 63965, 64644, 6536, 6541, 6558, 6632, 6636, 85080, 85861, 85984, 87079, 87083, 87087, 87552, 87580, 87620, 87994, 88072, 88323, 92280, 92946, 93273, 98138, 98283, 99206, 99207, 99563, 99780, 99781, 2429, 2430]'),
        TextPart('lego_bricks [\'2429\', \'2430\', \'2431\', \'2444\', \'2445\', \'2450\', \'2454\', \'2540\', \'2555\', \'2621\', \'2714\', \'3004\', \'3005\', \'3020\', \'3021\', \'3022\', \'3023\', \'3024\', \'3029\', \'3032\', \'3034\', \'30374\', \'30377\', \'30407\', \'30552\', \'30565\', \'3176\', \'3184\', \'32000\', \'32002\', \'32063\', \'32293\', \'32294\', \'32529\', \'32530\', \'32556\', \'3308\', \'3460\', \'3614\', \'3623\', \'3665\', \'3666\', \'3673\', \'3700\', \'3710\', \'3711\', \'3713\', \'3737\', \'3749\', \'3794\', \'3795\', \'3832\', \'4019\', \'4070\', \'4073\', \'4095\', \'4162\', \'41769\', \'41770\', \'4185\', \'42445\', \'4274\', \'4282\', \'4286\', \'4349\', \'44301\', \'44302\', \'4477\', \'4599\', \'50303\', \'6019\', \'6060\', \'6081\', \'6091\', \'6178\', \'6179\', \'6180\', \'6205\', \'6541\', \'6553\', \'6628\', \'6636\', \'75535\']'),
        TextPart('ldr-mpd_file 1  6 0 0 0 1 0 0 0 1 0 0 0 1 4477.DAT\n1  6 -90 8 -10 0 0 -1 0 1 0 1 0 0 3666.DAT\n1  6 90 8 -10 0 0 -1 0 1 0 1 0 0 3666.DAT\n1  6 -90 8 130 0 0 -1 0 1 0 1 0 0 3460.DAT\n1  6 90 8 130 0 0 -1 0 1 0 1 0 0 3460.DAT\n1  6 90 0 90 0 0 -1 0 1 0 1 0 0 3460.DAT\n1  6 -90 0 90 0 0 -1 0 1 0 1 0 0 3460.DAT\n1  6 -80 0 210 0 0 -1 0 1 0 1 0 0 2429.DAT\n1  6 -80 0 210 0.2250717 0 -0.9749668 0 1 0 0.9749668 0 0.2250717 2430.DAT\n1  6 80 0 210 0.216555 0 0.9768937 0 1 0 -0.9768937 0 0.216555 2429.DAT\n1  6 80 0 210 0 0 1 0 1 0 -1 0 0 2430.DAT\n1  6 85.43784 8 231.7034 -0.216555 0 -0.9768937 0 1 0 0.9768937 0 -0.216555 44302.DAT\n1  6 -85.24823 8 231.7501 0.2250717 0 -0.9749668 0 1 0 0.9749668 0 0.2250717 44302.DAT\n1  6 -72.56668 -4.498883 286.684 -0.2039842 0.09506156 0.9749668 0.4228755 0.9063078 0 -0.88362 0.4117882 -0.2250717 44301.DAT\n1  6 73.29179 -4.956743 286.4951 0.1946384 -0.09487373 0.9768937 0.4386379 0.8987941 0 -0.8780263 0.4279816 0.216555 44301.DAT\n1  6 58.47971 -47.23814 353.3133 0.1946384 -0.09487373 0.9768937 0.4386379 0.8987941 0 -0.8780263 0.4279816 0.216555 4477.DAT\n1  6 -57.00843 -45.57941 354.0793 -0.2039842 0.09506156 0.9749668 0.4228755 0.9063078 0 -0.88362 0.4117882 -0.2250717 4477.DAT\n1  6 -48.08857 -55.24398 392.7185 -0.2039842 0.09506156 0.9749668 0.4228755 0.9063078 0 -0.88362 0.4117882 -0.2250717 4477.DAT\n1  6 49.93518 -57.59329 391.8582 0.1946384 -0.09487373 0.9768937 0.4386379 0.8987941 0 -0.8780263 0.4279816 0.216555 4477.DAT\n1  6 35.12311 -99.87468 458.6765 -0.1946384 -0.09487373 -0.9768937 -0.4386379 0.8987941 0 0.8780263 0.4279816 -0.216555 44302.DAT\n1  6 19.39077 -108 505.9091 0.3829008 0 0.924448 0 1 0 -0.924448 0 0.3829008 44301.DAT\n1  6 -32.53033 -96.32449 460.1138 0.2039842 0.09506156 -0.9749668 -0.4228755 0.9063078 0 0.88362 0.4117882 0.2250717 44302.DAT\n1  6 -17.63111 -108 505.896 -0.3909535 0 0.9210715 0 1 0 -0.9210715 0 -0.3909535 44301.DAT\n1  6 0.9772415 -108 568.2271 0 0 -1 0 1 0 1 0 0 3020.DAT\n1  6 20.97724 -116 588.2271 0 0 -1 0 1 0 1 0 0 3176.DAT\n1  6 -19.02276 -116 588.2271 0 0 1 0 1 0 -1 0 0 3176.DAT\n1  6 20.97724 -116 528.2271 0 0 -1 0 1 0 1 0 0 2430.DAT\n1  6 20.97724 -116 528.2271 -0.3829008 0 -0.924448 0 1 0 0.924448 0 -0.3829008 2429.DAT\n1  6 -19.02276 -116 528.2271 0 0 1 0 1 0 -1 0 0 2429.DAT\n1  6 -19.02275 -116 528.2271 -0.3909535 0 0.9210715 0 1 0 -0.9210715 0 -0.3909535 2430.DAT\n1  6 0.9772415 -124 568.2271 0 0 -1 0 1 0 1 0 0 3020.DAT\n1  6 -65.92829 -35.91484 315.4402 -0.2039842 0.09506156 0.9749668 0.4228755 0.9063078 0 -0.88362 0.4117882 -0.2250717 6636.DAT\n1  6 -41.4502 -86.65993 421.4747 -0.2039842 0.09506156 0.9749668 0.4228755 0.9063078 0 -0.88362 0.4117882 -0.2250717 6636.DAT\n1  6 67.02424 -36.88298 314.7684 0.1946384 -0.09487373 0.9768937 0.4386379 0.8987941 0 -0.8780263 0.4279816 0.216555 6636.DAT\n1  6 43.66764 -89.51951 420.1316 0.1946384 -0.09487373 0.9768937 0.4386379 0.8987941 0 -0.8780263 0.4279816 0.216555 6636.DAT\n1  6 -90 8 -170 0 0 -1 0 1 0 1 0 0 4477.DAT\n1  6 -90 8 -370 0 0 -1 0 1 0 1 0 0 4477.DAT\n1  6 90 8 -170 0 0 -1 0 1 0 1 0 0 4477.DAT\n1  6 90 8 -370 0 0 -1 0 1 0 1 0 0 4477.DAT\n1  6 -90 0 -70 0 0 -1 0 1 0 1 0 0 3666.DAT\n1  6 90 0 -70 0 0 -1 0 1 0 1 0 0 3666.DAT\n1  6 0 0 -140 1 0 0 0 1 0 0 0 1 4477.DAT\n1  6 -90 0 -250 0 0 -1 0 1 0 1 0 0 4477.DAT\n1  6 90 0 -250 0 0 -1 0 1 0 1 0 0 4477.DAT\n1  6 -90 0 -390 0 0 -1 0 1 0 1 0 0 3710.DAT\n1  6 90 0 -390 0 0 -1 0 1 0 1 0 0 3710.DAT\n1  6 -90 -8 -350 0 0 -1 0 1 0 1 0 0 3460.DAT\n1  6 90 -8 -350 0 0 -1 0 1 0 1 0 0 3460.DAT\n1  6 90 -8 -170 0 0 -1 0 1 0 1 0 0 4477.DAT\n1  6 90 -8 30 0 0 -1 0 1 0 1 0 0 4477.DAT\n1  6 -90 -8 -170 0 0 -1 0 1 0 1 0 0 4477.DAT\n1  6 -90 -8 30 0 0 -1 0 1 0 1 0 0 4477.DAT\n1  6 90 -8 170 0 0 -1 0 1 0 1 0 0 3184.DAT\n1  6 -90 -8 170 0 0 1 0 1 0 -1 0 0 3184.DAT\n1  6 -85.24823 -8 231.7501 0.2250717 0 -0.9749668 0 1 0 0.9749668 0 0.2250717 3069B.DAT\n1  6 85.43784 -8 231.7034 0.216555 0 0.9768937 0 1 0 -0.9768937 0 0.216555 3069B.DAT\n1  6 -70 -8 -140 1 0 0 0 1 0 0 0 1 3024.DAT\n1  6 70 -8 -140 1 0 0 0 1 0 0 0 1 3024.DAT\n1  6 -90 -16 50 0 0 -1 0 1 0 1 0 0 3023.DAT\n1  6 90 -16 50 0 0 -1 0 1 0 1 0 0 3023.DAT\n1  6 -90 -16 -390 0 0 -1 0 1 0 1 0 0 3710.DAT\n1  6 90 -16 -390 0 0 -1 0 1 0 1 0 0 3710.DAT\n1  6 90 -16 -460 1 0 0 0 1 0 0 0 1 4070.DAT\n1  6 -90 -16 -460 1 0 0 0 1 0 0 0 1 4070.DAT\n1  6 -80 -32 -140 1 0 0 0 1 0 0 0 1 3004.DAT\n1  6 80 -32 -140 1 0 0 0 1 0 0 0 1 3004.DAT\n1  6 -90 -40 50 0 0 -1 0 1 0 1 0 0 3700.DAT\n1  6 90 -40 50 0 0 -1 0 1 0 1 0 0 3700.DAT\n1  7 -100 -30 50 -1 0 0 0 1 0 0 0 -1 4274.DAT\n1  7 100 -30 50 1 0 0 0 1 0 0 0 1 4274.DAT\n1  6 -90 -48 50 0 0 -1 0 1 0 1 0 0 3023.DAT\n1  6 90 -48 50 0 0 -1 0 1 0 1 0 0 3023.DAT\n1  6 90 -72 40 -1 0 0 0 1 0 0 0 -1 3040B.DAT\n1  6 -90 -72 40 -1 0 0 0 1 0 0 0 -1 3040B.DAT\n1  6 -90 -56 -140 -1 0 0 0 1 0 0 0 -1 3005.DAT\n1  6 -90 -80 -140 -1 0 0 0 1 0 0 0 -1 3005.DAT\n1  6 90 -56 -140 -1 0 0 0 1 0 0 0 -1 3005.DAT\n1  6 90 -80 -140 -1 0 0 0 1 0 0 0 -1 3005.DAT\n1  6 0 -80 40 1 0 0 0 1 0 0 0 1 4477.DAT\n1  6 0 -80 -140 1 0 0 0 1 0 0 0 1 3308.DAT\n1  6 -90 -104 -140 0 0 -1 0 1 0 1 0 0 6541.DAT\n1  6 90 -104 -140 0 0 -1 0 1 0 1 0 0 6541.DAT\n1  7 100 -94 -140 1 0 0 0 1 0 0 0 1 4274.DAT\n1  7 -100 -94 -140 -1 0 0 0 1 0 0 0 -1 4274.DAT\n1  6 -70 -104 -140 0 0 -1 0 1 0 1 0 0 3040B.DAT\n1  6 70 -104 -140 0 0 1 0 1 0 -1 0 0 3040B.DAT\n1  6 70 -104 40 0 0 1 0 1 0 -1 0 0 3040B.DAT\n1  6 -70 -104 40 0 0 -1 0 1 0 1 0 0 3040B.DAT\n1  6 -90 -88 40 0 0 -1 0 1 0 1 0 0 4073.DAT\n1  6 -90 -96 40 0 0 -1 0 1 0 1 0 0 4073.DAT\n1  6 90 -88 40 0 0 -1 0 1 0 1 0 0 4073.DAT\n1  6 90 -96 40 0 0 -1 0 1 0 1 0 0 4073.DAT\n1  7 90 -104 40 0 0 -1 0 1 0 1 0 0 3614.DAT\n1  7 -90 -104 40 0 0 1 0 1 0 -1 0 0 3614.DAT\n1  6 -80 -112 -50 0 0 1 0 1 0 -1 0 0 3832.DAT\n1  6 80 -112 -50 0 0 1 0 1 0 -1 0 0 3832.DAT\n1  19 70 -120 -50 0 0 1 0 1 0 -1 0 0 3710.DAT\n1  19 -70 -120 -50 0 0 1 0 1 0 -1 0 0 3710.DAT\n1  6 -70 -128 -50 0 0 1 0 1 0 -1 0 0 2431.DAT\n1  6 70 -128 -50 0 0 1 0 1 0 -1 0 0 2431.DAT\n1  6 108 -59.09651 -35.68443 0 -1 0 0.9483235 0 0.3173046 -0.3173046 0 0.9483235 42445.DAT\n1  6 -108 -59.09652 -35.68445 0 1 0 -0.9483237 0 0.3173045 0.3173046 0 0.9483234 42445.DAT\n1  6 -108 -100 40 0 0.9987435 -0.06104849 -0.8038566 0.0363253 0.5937127 0.5948224 0.04909084 0.8023568 32293.DAT\n1  6 108 -100 40 0 -0.9987435 0.06104846 0.8038564 0.03632531 0.5937128 -0.5948223 0.04909084 0.8023564 32293.DAT\n1  6 0 -120 30 1 0 0 0 1 0 0 0 1 4282.DAT\n1  6 0 -120 -130 1 0 0 0 1 0 0 0 1 4282.DAT\n1  6 0 -6 -440 -1 0 0 0 1 0 0 0 -1 75535.DAT\n1  0 -20 -6 -440 -1 0 0 0 1 0 0 0 -1 3673.DAT\n1  0 20 -6 -440 -1 0 0 0 1 0 0 0 -1 3673.DAT\n1  6 -40 -6 -440 -1 0 0 0 1 0 0 0 -1 75535.DAT\n1  6 40 -6 -440 -1 0 0 0 1 0 0 0 -1 75535.DAT\n1  0 70 -6 -440 1 0 0 0 1 0 0 0 1 32556.DAT\n1  0 -70 -6 -440 -1 0 0 0 1 0 0 0 -1 32556.DAT\n1  6 -70 -24.5445 -458.2237 0 0 1 0.7009088 0.71325 0 -0.71325 0.7009088 0 32529.DAT\n1  6 90 -16 -440 0 0 1 0 1 0 -1 0 0 6541.DAT\n1  6 -90 -16 -440 0 0 1 0 1 0 -1 0 0 6541.DAT\n1  6 -70 -322.026 -189.7455 0 0 1 0.7009088 0.71325 0 -0.71325 0.7009088 0 3710.DAT\n1  6 -70 -341.7502 -181.0877 0 0 -1 -0.7009088 0.71325 0 0.71325 0.7009088 0 44302.DAT\n1  6 -70 -232.211 -269.7282 -1 0 0 0 0.71325 0.7009088 0 0.7009088 -0.71325 42445.DAT\n1  6 -70 -100.3414 -392.5059 1 0 0 0 0.71325 -0.7009088 0 0.7009088 0.71325 42445.DAT\n1  6 0.9772415 -115 628.2271 0 0 1 0 1 0 -1 0 0 32063.DAT\n1  8 -49.02276 -120 628.2271 0 -1 0 1 0 0 0 0 1 32002.DAT\n1  8 50.97724 -120 628.2271 0 1 0 1 0 0 0 0 -1 32002.DAT\n1  6 60.97724 -140 628.2271 0 -1 0 1 0 0 0 0 1 2444.DAT\n1  6 -59.02276 -140 628.2271 0 1 0 1 0 0 0 0 -1 2444.DAT\n1  19 -67.02276 -180 608.2271 0 1 0 1 0 0 0 0 -1 6180.DAT\n1  19 68.97724 -180 608.2271 0 -1 0 -1 0 0 0 0 -1 6180.DAT\n1  6 60.97724 -140 588.2271 0 -1 0 1 0 0 0 0 1 2444.DAT\n1  6 -59.02276 -140 588.2271 0 1 0 1 0 0 0 0 -1 2444.DAT\n1  6 -59.02276 -340 588.2271 0 1 0 -1 0 0 0 0 1 2444.DAT\n1  6 60.97724 -340 588.2271 0 -1 0 -1 0 0 0 0 -1 2444.DAT\n1  19 76.97724 -240 608.2271 0 -1 0 -1 0 0 0 0 -1 3068B.DAT\n1  19 -75.02276 -240 608.2271 0 1 0 -1 0 0 0 0 1 3068B.DAT\n1  19 -75.02276 -240 578.2271 0 1 0 -1 0 0 0 0 1 6636.DAT\n1  19 76.97724 -240 578.2271 0 -1 0 -1 0 0 0 0 -1 6636.DAT\n1  19 68.97724 -300 608.2271 0 -1 0 -1 0 0 0 0 -1 6180.DAT\n1  19 -67.02276 -300 608.2271 0 1 0 1 0 0 0 0 -1 6180.DAT\n1  0 50.97724 -360 588.2271 0 -1 0 -1 0 0 0 0 -1 3673.DAT\n1  0 -49.02276 -360 588.2271 0 1 0 -1 0 0 0 0 1 3673.DAT\n1  0 -49.02276 -120 588.2271 0 1 0 -1 0 0 0 0 1 3673.DAT\n1  0 50.97724 -120 588.2271 0 -1 0 -1 0 0 0 0 -1 3673.DAT\n1  19 0 -152 -500 -1 0 0 0 1 0 0 0 -1 6178.DAT\n1  19 190 -152 -500 0 0 -1 0 1 0 1 0 0 50303.DAT\n1  19 -190 -152 -500 0 0 1 0 1 0 -1 0 0 50303.DAT\n1  19 -120 -160 -500 0 0 1 0 1 0 -1 0 0 6179.DAT\n1  19 120 -160 -500 0 0 -1 0 1 0 1 0 0 6179.DAT\n1  19 0 -144 -440 -1 0 0 0 1 0 0 0 -1 3034.DAT\n1  19 120 -144 -440 0 0 -1 0 1 0 1 0 0 41770.DAT\n1  19 -120 -144 -440 0 0 1 0 1 0 -1 0 0 41769.DAT\n1  6 -90 -184 -530 -1 0 0 0 1 0 0 0 -1 3005.DAT\n1  6 90 -184 -530 -1 0 0 0 1 0 0 0 -1 3005.DAT\n1  6 90 -184 -510 -1 0 0 0 1 0 0 0 -1 4286.DAT\n1  6 -90 -184 -510 -1 0 0 0 1 0 0 0 -1 4286.DAT\n1  6 -90 -208 -520 0 0 1 0 1 0 -1 0 0 3004.DAT\n1  6 90 -208 -520 0 0 1 0 1 0 -1 0 0 3004.DAT\n1  6 90 -232 -520 0 0 1 0 1 0 -1 0 0 3700.DAT\n1  6 -90 -232 -520 0 0 1 0 1 0 -1 0 0 3700.DAT\n1  7 -100 -222 -520 -1 0 0 0 1 0 0 0 -1 4274.DAT\n1  7 100 -222 -520 1 0 0 0 1 0 0 0 1 4274.DAT\n1  19 0 -248 -500 -1 0 0 0 1 0 0 0 -1 6178.DAT\n1  19 -190 -248 -500 0 0 1 0 1 0 -1 0 0 50303.DAT\n1  19 190 -248 -500 0 0 -1 0 1 0 1 0 0 50303.DAT\n1  19 120 -240 -440 0 0 -1 0 1 0 1 0 0 41770.DAT\n1  19 0 -240 -440 -1 0 0 0 1 0 0 0 -1 3034.DAT\n1  19 -120 -240 -440 0 0 1 0 1 0 -1 0 0 41769.DAT\n1  19 120 -256 -500 0 0 -1 0 1 0 1 0 0 6179.DAT\n1  19 -120 -256 -500 0 0 1 0 1 0 -1 0 0 6179.DAT\n1  6 0 -240 -520 -1 0 0 0 1 0 0 0 -1 3832.DAT\n1  7 80 -144 -520 -1 0 0 0 1 0 0 0 -1 2476A.DAT\n1  7 -80 -144 -520 -1 0 0 0 1 0 0 0 -1 2476A.DAT\n1  6 0 -126 -538 -1 0 0 0 0 1 0 1 0 4477.DAT\n1  6 80 -116 -530 0 0 -1 -1 0 0 0 1 0 2444.DAT\n1  6 -80 -116 -530 0 0 -1 -1 0 0 0 1 0 2444.DAT\n1  6 -70 -106 -538 0 0 -1 -1 0 0 0 1 0 3024.DAT\n1  6 70 -106 -538 0 0 -1 -1 0 0 0 1 0 3024.DAT\n1  6 90 -96 -546 1 0 0 0 0 -1 0 1 0 6060.DAT\n1  6 -90 -96 -546 1 0 0 0 0 -1 0 1 0 6060.DAT\n1  6 90 -86 -546 -1 0 0 0 0 1 0 1 0 3070B.DAT\n1  6 -90 -86 -546 -1 0 0 0 0 1 0 1 0 3070B.DAT\n1  6 -80 -116 -546 -1 0 0 0 0 1 0 1 0 3068B.DAT\n1  6 80 -116 -546 -1 0 0 0 0 1 0 1 0 3068B.DAT\n1  6 0 -126 -546 -1 0 0 0 0 1 0 1 0 6636.DAT\n1  6 90 -24 -430 0 0 -1 0 1 0 1 0 0 2431.DAT\n1  6 -90 -24 -430 0 0 -1 0 1 0 1 0 0 2431.DAT\n1  6 116 -128.9035 -244.3156 0 -1 0 -0.9483233 0 -0.3173043 0.3173043 0 -0.9483233 42445.DAT\n1  6 108 -187.0965 -415.6845 0 -1 0 0.9483233 0 0.3173043 -0.3173043 0 0.9483233 42445.DAT\n1  6 -108 -187.0965 -415.6845 0 1 0 -0.9483237 0 0.3173043 0.3173044 0 0.9483233 42445.DAT\n1  6 -116 -128.9035 -244.3156 0 1 0 0.9483237 0 -0.3173043 -0.3173044 0 -0.9483233 42445.DAT\n1  19 570 -128 10 0 0 -1 0 1 0 1 0 0 2621.DAT\n1  19 -570 -128 10 0 0 1 0 1 0 -1 0 0 2621.DAT\n1  19 -170 -136 30 1 0 0 0 1 0 0 0 1 3021.DAT\n1  19 -170 -136 70 1 0 0 0 1 0 0 0 1 3021.DAT\n1  19 170 -136 30 1 0 0 0 1 0 0 0 1 3021.DAT\n1  19 170 -136 70 1 0 0 0 1 0 0 0 1 3021.DAT\n1  19 -470 -136 30 1 0 0 0 1 0 0 0 1 3021.DAT\n1  19 470 -136 30 1 0 0 0 1 0 0 0 1 3021.DAT\n1  19 480 -136 70 1 0 0 0 1 0 0 0 1 3022.DAT\n1  19 -480 -136 70 1 0 0 0 1 0 0 0 1 3022.DAT\n1  19 -600 -136 40 0 0 -1 0 1 0 1 0 0 3021.DAT\n1  19 600 -136 40 0 0 -1 0 1 0 1 0 0 3021.DAT\n1  19 0 -128 50 -1 0 0 0 1 0 0 0 -1 6205.DAT\n1  19 320 -128 50 -1 0 0 0 1 0 0 0 -1 6205.DAT\n1  19 -320 -128 50 -1 0 0 0 1 0 0 0 -1 6205.DAT\n1  19 -480 -136 -50 -1 0 0 0 1 0 0 0 -1 6205.DAT\n1  19 -160 -136 -50 -1 0 0 0 1 0 0 0 -1 6205.DAT\n1  19 160 -136 -50 -1 0 0 0 1 0 0 0 -1 6205.DAT\n1  19 480 -136 -50 -1 0 0 0 1 0 0 0 -1 6205.DAT\n1  19 320 -128 -50 0 0 1 0 1 0 -1 0 0 3020.DAT\n1  19 -320 -128 -50 0 0 1 0 1 0 -1 0 0 3020.DAT\n1  8 0 -128 -50 1 0 0 0 1 0 0 0 1 3795.DAT\n1  19 480 -128 -130 1 0 0 0 1 0 0 0 1 3029.DAT\n1  19 240 -128 -130 1 0 0 0 1 0 0 0 1 3029.DAT\n1  19 0 -128 -130 1 0 0 0 1 0 0 0 1 3029.DAT\n1  19 -240 -128 -130 1 0 0 0 1 0 0 0 1 3029.DAT\n1  19 -480 -128 -130 1 0 0 0 1 0 0 0 1 3029.DAT\n1  19 -640 -128 -130 0 0 1 0 1 0 -1 0 0 30565.DAT\n1  19 -650 -128 -60 0 0 -1 0 1 0 1 0 0 2450.DAT\n1  19 650 -128 -60 -1 0 0 0 1 0 0 0 -1 2450.DAT\n1  19 640 -128 -130 1 0 0 0 1 0 0 0 1 30565.DAT\n1  19 -600 -136 -130 1 0 0 0 1 0 0 0 1 3022.DAT\n1  19 600 -136 -130 1 0 0 0 1 0 0 0 1 3022.DAT\n1  19 310 -136 -140 0 0 -1 0 1 0 1 0 0 3623.DAT\n1  19 -310 -136 -140 0 0 -1 0 1 0 1 0 0 3623.DAT\n1  19 -650 -136 -80 0 0 -1 0 1 0 1 0 0 3623.DAT\n1  19 650 -136 -80 0 0 -1 0 1 0 1 0 0 3623.DAT\n1  19 450 -136 -140 0 0 -1 0 1 0 1 0 0 3623.DAT\n1  19 -150 -136 -140 0 0 -1 0 1 0 1 0 0 3623.DAT\n1  19 150 -136 -140 0 0 -1 0 1 0 1 0 0 3623.DAT\n1  19 -450 -136 -140 0 0 -1 0 1 0 1 0 0 3623.DAT\n1  19 -660 -136 -10 -1 0 0 0 1 0 0 0 -1 41770.DAT\n1  19 660 -136 -10 -1 0 0 0 1 0 0 0 -1 41769.DAT\n1  19 -450 -144 -50 0 0 -1 0 1 0 1 0 0 4477.DAT\n1  19 -590 -144 -50 0 0 -1 0 1 0 1 0 0 4477.DAT\n1  19 -310 -144 -50 0 0 -1 0 1 0 1 0 0 4477.DAT\n1  19 310 -144 -50 0 0 -1 0 1 0 1 0 0 4477.DAT\n1  19 590 -144 -50 0 0 -1 0 1 0 1 0 0 4477.DAT\n1  19 310 -136 50 0 0 -1 0 1 0 1 0 0 3710.DAT\n1  19 -310 -136 50 0 0 -1 0 1 0 1 0 0 3710.DAT\n1  19 0 -144 -10 -1 0 0 0 1 0 0 0 -1 3068B.DAT\n1  19 0 -144 -80 -1 0 0 0 1 0 0 0 -1 3794.DAT\n1  19 0 -144 -100 -1 0 0 0 1 0 0 0 -1 3794.DAT\n1  19 0 -136 -120 -1 0 0 0 1 0 0 0 -1 3794.DAT\n1  19 0 -136 -140 -1 0 0 0 1 0 0 0 -1 3794.DAT\n1  19 0 -136 -160 -1 0 0 0 1 0 0 0 -1 3794.DAT\n1  8 0 -144 -130 0 0 1 0 1 0 -1 0 0 3023.DAT\n1  19 450 -144 -50 0 0 -1 0 1 0 1 0 0 4477.DAT\n1  6 150 -160 80 -1 0 0 0 1 0 0 0 -1 6541.DAT\n1  6 150 -160 60 -1 0 0 0 1 0 0 0 -1 6541.DAT\n1  6 -150 -160 80 -1 0 0 0 1 0 0 0 -1 6541.DAT\n1  6 -150 -160 60 -1 0 0 0 1 0 0 0 -1 6541.DAT\n1  6 -150 -160 40 1 0 0 0 1 0 0 0 1 4286.DAT\n1  6 150 -160 40 1 0 0 0 1 0 0 0 1 4286.DAT\n1  6 -310 -152 -130 0 0 -1 0 1 0 1 0 0 32530.DAT\n1  0 -320 -174 -130 1 0 0 0 1 0 0 0 1 6628.DAT\n1  6 -310 -152 30 0 0 -1 0 1 0 1 0 0 32530.DAT\n1  0 -320 -174 30 1 0 0 0 1 0 0 0 1 6628.DAT\n1  6 -450 -152 30 0 0 -1 0 1 0 1 0 0 32530.DAT\n1  0 -460 -174 30 1 0 0 0 1 0 0 0 1 6628.DAT\n1  6 -450 -152 -130 0 0 -1 0 1 0 1 0 0 32530.DAT\n1  0 -460 -174 -130 1 0 0 0 1 0 0 0 1 6628.DAT\n1  6 -590 -152 -130 0 0 -1 0 1 0 1 0 0 32530.DAT\n1  0 -600 -174 -130 1 0 0 0 1 0 0 0 1 6628.DAT\n1  6 -590 -152 30 0 0 -1 0 1 0 1 0 0 32530.DAT\n1  0 -600 -174 30 1 0 0 0 1 0 0 0 1 6628.DAT\n1  6 310 -152 30 0 0 1 0 1 0 -1 0 0 32530.DAT\n1  0 320 -174 30 -1 0 0 0 1 0 0 0 -1 6628.DAT\n1  6 310 -152 -130 0 0 1 0 1 0 -1 0 0 32530.DAT\n1  0 320 -174 -130 -1 0 0 0 1 0 0 0 -1 6628.DAT\n1  6 450 -152 -130 0 0 1 0 1 0 -1 0 0 32530.DAT\n1  0 460 -174 -130 -1 0 0 0 1 0 0 0 -1 6628.DAT\n1  6 590 -152 -130 0 0 1 0 1 0 -1 0 0 32530.DAT\n1  0 600 -174 -130 -1 0 0 0 1 0 0 0 -1 6628.DAT\n1  6 590 -152 30 0 0 1 0 1 0 -1 0 0 32530.DAT\n1  0 600 -174 30 -1 0 0 0 1 0 0 0 -1 6628.DAT\n1  6 450 -152 30 0 0 1 0 1 0 -1 0 0 32530.DAT\n1  0 460 -174 30 -1 0 0 0 1 0 0 0 -1 6628.DAT\n1  8 -40 -144 -50 -1 0 0 0 1 0 0 0 -1 3795.DAT\n1  19 -80 -152 -50 -1 0 0 0 1 0 0 0 -1 3022.DAT\n1  6 -150 -168 60 0 0 1 0 1 0 -1 0 0 3623.DAT\n1  6 150 -168 60 0 0 1 0 1 0 -1 0 0 3623.DAT\n1  8 -150 -144 -160 1 0 0 0 1 0 0 0 1 6019.DAT\n1  8 150 -144 -160 1 0 0 0 1 0 0 0 1 6019.DAT\n1  8 0 -168 -120 -1 0 0 0 1 0 0 0 -1 4286.DAT\n1  8 0 -168 -140 -1 0 0 0 1 0 0 0 -1 3005.DAT\n1  0 -50 -160 -120 0 0 -1 0 1 0 1 0 0 6091.DAT\n1  0 -110 -160 -120 0 0 1 0 1 0 -1 0 0 6091.DAT\n1  0 -80 -160 -70 0 0 1 0 1 0 -1 0 0 3032.DAT\n1  0 -110 -168 -70 0 0 1 0 1 0 -1 0 0 3666.DAT\n1  0 -80 -184 -20 1 0 0 0 1 0 0 0 1 32000.DAT\n1  0 -50 -184 -20 -1 0 0 0 1 0 0 0 -1 3665.DAT\n1  8 -50 -184 -40 0 0 -1 0 1 0 1 0 0 4070.DAT\n1  8 -50 -184 -60 0 0 -1 0 1 0 1 0 0 4070.DAT\n1  8 -50 -184 -80 0 0 -1 0 1 0 1 0 0 4070.DAT\n1  8 -50 -184 -100 0 0 -1 0 1 0 1 0 0 4070.DAT\n1  0 -60 -192 -70 0 0 1 0 1 0 -1 0 0 3795.DAT\n1  0 -90 -200 -20 0 0 1 0 1 0 -1 0 0 6091.DAT\n1  0 -90 -200 -120 0 0 1 0 1 0 -1 0 0 6091.DAT\n1  0 -90 -200 -70 0 0 1 0 1 0 -1 0 0 6081.DAT\n1  0 -90 -200 -70 0 0 1 0 1 0 -1 0 0 6636.DAT\n1  7 -30.04668 -174 -40 0 -1 0 0 0 -1 1 0 0 4349.DAT\n1  7 -30.04668 -174 -60 0 -1 0 0 0 -1 1 0 0 4349.DAT\n1  7 -30.04668 -174 -80 0 -1 0 0 0 -1 1 0 0 4349.DAT\n1  7 -30.04668 -174 -100 0 -1 0 0 0 -1 1 0 0 4349.DAT\n1  7 -50 -204 0 0 0 -1 0 1 0 1 0 0 4599.DAT\n1  0 -90 -174 -50 0 0 1 0 1 0 -1 0 0 3737.DAT\n1  7 -90 -174 40 1 0 0 0 1 0 0 0 1 4019.DAT\n1  7 -90 -174 20 1 0 0 0 1 0 0 0 1 4019.DAT\n1  7 -90 -174 5 1 0 0 0 1 0 0 0 1 4185.DAT\n1  7 -90 -174 -5 1 0 0 0 1 0 0 0 1 32123A.DAT\n1  0 -80 -184 -120 1 0 0 0 1 0 0 0 1 32000.DAT\n1  0 -40 -184 -120 1 0 0 0 1 0 0 0 1 32000.DAT\n1  7 -90 -174 -135 1 0 0 0 1 0 0 0 1 32123A.DAT\n1  19 -30 -174 -130 0 0 1 0 1 0 -1 0 0 3749.DAT\n1  0 -50 -200 -70 0 0 1 0 1 0 -1 0 0 6636.DAT\n1  7 -70 -200 -20 1 0 0 0 1 0 0 0 1 2555.DAT\n1  7 -70 -200 -120 1 0 0 0 1 0 0 0 1 2555.DAT\n1  7 -30 -174 -135 1 0 0 0 1 0 0 0 1 32123A.DAT\n1  0 -70 -206 -128 1 0 0 0 0 1 0 -1 0 4095.DAT\n1  7 -70 -206 -42 0 0.9729654 -0.2335712 0 -0.2335712 -0.9729654 -1 0 0 30377.DAT\n1  7 -70 -206 -60 0 0.9729654 -0.2335712 0 -0.2335712 -0.9729654 -1 0 0 30377.DAT\n1  7 -70 -206 -80 0 0.9729654 -0.2335712 0 -0.2335712 -0.9729654 -1 0 0 30377.DAT\n1  7 -70 -206 -100 0 0.9729654 -0.2335712 0 -0.2335712 -0.9729654 -1 0 0 30377.DAT\n1  8 0 -288 -130 0 0 1 0 1 0 -1 0 0 2454.DAT\n1  6 150 -256 -130 0 0 1 0 1 0 -1 0 0 2454.DAT\n1  6 -150 -256 -130 0 0 1 0 1 0 -1 0 0 2454.DAT\n1  6 -150 -288 70 0 0 1 0 1 0 -1 0 0 2454.DAT\n1  6 150 -288 70 0 0 1 0 1 0 -1 0 0 2454.DAT\n1  6 -150 -312 70 0 0 1 0 1 0 -1 0 0 3004.DAT\n1  6 150 -312 70 0 0 1 0 1 0 -1 0 0 3004.DAT\n1  6 150 -336 60 0 0 1 0 1 0 -1 0 0 3005.DAT\n1  6 -150 -336 60 0 0 1 0 1 0 -1 0 0 3005.DAT\n1  6 -150 -336 80 -1 0 0 0 1 0 0 0 -1 3665.DAT\n1  6 150 -336 80 -1 0 0 0 1 0 0 0 -1 3665.DAT\n1  0 -100 -142 -180 -1 0 0 0 1 0 0 0 -1 2714.DAT\n1  0 0 -142 -180 -1 0 0 0 1 0 0 0 -1 75535.DAT\n1  0 100 -142 -180 1 0 0 0 1 0 0 0 1 2714.DAT\n1  7 52 -142 -180 1 0 0 0 -1 0 0 0 -1 30377.DAT\n1  7 112 -142 -180 1 0 0 0 -1 0 0 0 -1 30377.DAT\n1  6 150 -280 -130 0 0 1 0 1 0 -1 0 0 3004.DAT\n1  6 150 -304 -130 0 0 1 0 1 0 -1 0 0 3004.DAT\n1  6 150 -328 -130 0 0 1 0 1 0 -1 0 0 3004.DAT\n1  6 150 -336 -130 0 0 1 0 1 0 -1 0 0 3023.DAT\n1  6 -150 -280 -130 0 0 1 0 1 0 -1 0 0 3004.DAT\n1  6 -150 -304 -130 0 0 1 0 1 0 -1 0 0 3004.DAT\n1  6 -150 -328 -130 0 0 1 0 1 0 -1 0 0 3004.DAT\n1  6 -150 -336 -130 0 0 1 0 1 0 -1 0 0 3023.DAT\n1  8 0 -312 -130 0 0 1 0 1 0 -1 0 0 3004.DAT\n1  8 0 -320 -130 0 0 1 0 1 0 -1 0 0 3023.DAT\n1  8 0 -328 -130 0 0 1 0 1 0 -1 0 0 3023.DAT\n1  6 -150 -344 80 0 0 1 0 1 0 -1 0 0 3024.DAT\n1  6 150 -344 80 0 0 1 0 1 0 -1 0 0 3024.DAT\n1  6 150 -344 -30 0 0 1 0 1 0 -1 0 0 4477.DAT\n1  6 -150 -344 -30 0 0 1 0 1 0 -1 0 0 4477.DAT\n1  6 0 -160 -160 0 0 1 0 1 0 -1 0 0 3062B.DAT\n1  6 0 -184 -160 0 0 1 0 1 0 -1 0 0 3062B.DAT\n1  6 0 -208 -160 0 0 1 0 1 0 -1 0 0 3062B.DAT\n1  6 0 -232 -160 0 0 1 0 1 0 -1 0 0 3062B.DAT\n1  6 0 -256 -160 0 0 1 0 1 0 -1 0 0 3062B.DAT\n1  6 0 -280 -160 0 0 1 0 1 0 -1 0 0 3062B.DAT\n1  6 0 -304 -160 0 0 1 0 1 0 -1 0 0 3062B.DAT\n1  6 0 -328 -160 0 0 1 0 1 0 -1 0 0 3062B.DAT\n1  6 0 -336 -140 0 0 1 0 1 0 -1 0 0 3623.DAT\n1  8 0 -344 -130 0 0 1 0 1 0 -1 0 0 3794.DAT\n1  6 -150 -356 100 1 0 0 0 1 0 0 0 1 6541.DAT\n1  6 150 -356 100 1 0 0 0 1 0 0 0 1 6541.DAT\n1  0 150 -344 -140 0 0 1 0 1 0 -1 0 0 572A.DAT\n1  0 -150 -344 -140 0 0 1 0 1 0 -1 0 0 572A.DAT\n1  0 -470 -144 -100 0 0 1 0 1 0 -1 0 0 572A.DAT\n1  0 470 -144 -100 0 0 1 0 1 0 -1 0 0 572A.DAT\n1  6 0 -352 -130 1 0 0 0 1 0 0 0 1 4282.DAT\n1  6 0 -352 70 1 0 0 0 1 0 0 0 1 4282.DAT\n1  6 150 -352 -30 0 0 -1 0 1 0 1 0 0 3460.DAT\n1  6 -150 -352 -30 0 0 -1 0 1 0 1 0 0 3460.DAT\n1  6 -20 -360 -30 0 0 -1 0 1 0 1 0 0 2445.DAT\n1  6 20 -360 -30 0 0 -1 0 1 0 1 0 0 2445.DAT\n1  6 70 -360 130 0 0 -1 0 1 0 1 0 0 3460.DAT\n1  6 -70 -360 130 0 0 -1 0 1 0 1 0 0 3460.DAT\n1  0 -50 -360 80 0 0 1 0 1 0 -1 0 0 572A.DAT\n1  0 50 -360 80 0 0 1 0 1 0 -1 0 0 572A.DAT\n1  0 11 -168 428 0 0 1 0 1 0 -1 0 0 572A.DAT\n1  0 1 -160 428 -1 0 0 0 1 0 0 0 -1 2540.DAT\n1  0 -9 -168 428 0 0 1 0 1 0 -1 0 0 572A.DAT\n1  0 1 -176 428 1 0 0 0 1 0 0 0 1 3069B.DAT\n1  6 150 -360 10 0 0 -1 0 1 0 1 0 0 3460.DAT\n1  6 -150 -360 10 0 0 -1 0 1 0 1 0 0 3460.DAT\n1  6 -150 -360 -100 0 0 -1 0 1 0 1 0 0 3623.DAT\n1  6 150 -360 -100 0 0 -1 0 1 0 1 0 0 3623.DAT\n1  6 140 -360 -140 -1 0 0 0 1 0 0 0 -1 3023.DAT\n1  6 -140 -360 -140 -1 0 0 0 1 0 0 0 -1 3023.DAT\n1  19 0 -368 -30 -1 0 0 0 1 0 0 0 -1 3020.DAT\n1  6 -70 -360 -130 0 0 1 0 1 0 -1 0 0 44301.DAT\n1  6 70 -360 -130 0 0 1 0 1 0 -1 0 0 44301.DAT\n1  6 0 -368 -130 1 0 0 0 1 0 0 0 1 4282.DAT\n1  6 0 -368 90 1 0 0 0 1 0 0 0 1 4282.DAT\n1  6 -100 -368 60 1 0 0 0 1 0 0 0 1 4162.DAT\n1  6 100 -368 60 1 0 0 0 1 0 0 0 1 4162.DAT\n1  0 -150 -350 110 0 0 -1 0 1 0 1 0 0 3673.DAT\n1  0 150 -350 110 0 0 -1 0 1 0 1 0 0 3673.DAT\n1  0 150 -150 80 0 0 1 0 1 0 -1 0 0 32556.DAT\n1  0 -150 -150 80 0 0 1 0 1 0 -1 0 0 32556.DAT\n1  0 -212.45 -200 80 0.6249999 0 -0.7806246 -0.7806246 0 -0.6249999 0 1 0 32294.DAT\n1  0 -212.45 -300 100 -0.6249998 0 -0.7806246 -0.7806246 0 0.6249998 0 1 0 32294.DAT\n1  0 -212.45 -300 140 0.6249998 0 -0.7806246 0.7806247 0 0.6249997 0 -1 0 32294.DAT\n1  0 -212.4499 -200 120 -0.6249999 0 -0.7806245 0.7806246 0 -0.6249999 0 -1 0 32294.DAT\n1  0 -274.8999 -250 110 0 0 -1 0 1 0 1 0 0 3737.DAT\n1  7 -274.8999 -250 20 -1 0 0 0 1 0 0 0 -1 3648B.DAT\n1  7 -274.8999 -250 40 -1 0 0 0 1 0 0 0 -1 3713.DAT\n1  0 -274.8999 -250 110 0 0 -1 0 1 0 1 0 0 75535.DAT\n1  7 -274.8999 -250 180 -1 0 0 0 1 0 0 0 -1 3713.DAT\n1  0 -274.8999 -250 210 -1 0 0 0 1 0 0 0 -1 6538B.DAT\n1  0 -274.8999 -250 260 0 0 1 -1 0 0 0 -1 0 6553.DAT\n1  0 -274.8999 -290 260 1 0 0 0 1 0 0 0 1 30374.DAT\n1  7 -274.8999 -264 260 0 -1 0 0 0 -1 1 0 0 32123A.DAT\n1  7 -274.8999 -235 260 0 -1 0 0 0 -1 1 0 0 32123A.DAT\n1  0 -274.8999 -289 260 1 0 0 0 0 1 0 -1 0 30552.DAT\n1  0 -274.8999 -210 260 0 -1 0 0 0 -1 1 0 0 30552.DAT\n1  6 -274.8999 -309 258 -1 0 0 0 0 1 0 1 0 30407.DAT\n1  6 -272.8999 -190 260 0 -1 0 0 0 -1 1 0 0 30407.DAT\n1  0 274.9 -250 110 0 0 -1 0 1 0 1 0 0 3737.DAT\n1  7 274.9 -250 40 -1 0 0 0 1 0 0 0 -1 3648B.DAT\n1  7 274.9 -250 180 -1 0 0 0 1 0 0 0 -1 3713.DAT\n1  0 274.9 -250 210 -1 0 0 0 1 0 0 0 -1 6538B.DAT\n1  0 274.9 -250 260 0 0 1 -1 0 0 0 -1 0 6553.DAT\n1  7 274.9 -260 260 0 -1 0 0 0 -1 1 0 0 32123A.DAT\n1  7 274.9 -235 260 0 -1 0 0 0 -1 1 0 0 32123A.DAT\n1  0 274.9 -290 260 1 0 0 0 1 0 0 0 1 30374.DAT\n1  0 274.9 -210 260 0 -1 0 0 0 -1 1 0 0 30552.DAT\n1  0 212.45 -200 120 -0.6249998 0 0.7806247 -0.7806247 0 -0.6249997 0 -1 0 32294.DAT\n1  0 212.45 -300 140 0.6249999 0 0.7806246 -0.7806246 0 0.6249999 0 -1 0 32294.DAT\n1  0 274.9 -250 110 0 0 1 0 -1 0 1 0 0 75535.DAT\n1  0 212.45 -200 80 0.6249998 0 0.7806247 0.7806247 0 -0.6249998 0 1 0 32294.DAT\n1  0 212.45 -300 100 -0.6249999 0 0.7806246 0.7806246 0 0.6249999 0 1 0 32294.DAT\n1  0 274.9 -289 260 1 0 0 0 0 1 0 -1 0 30552.DAT\n1  6 276.9 -190 260 0 -1 0 0 0 -1 1 0 0 30407.DAT\n1  6 274.9 -309 258 -1 0 0 0 0 1 0 1 0 30407.DAT\n1  0 378.8425 -197.8954 -111.2451 0.8345926 -0.5449561 -0.08770543 0.5419706 0.8391896 -0.05695447 0.104592 0 0.995129 572B.DAT\n1  0 362.1507 -208.7348 -113.3369 0.8345926 -0.5449561 -0.08770543 0.5419706 0.8391896 -0.05695447 0.104592 0 0.995129 572B.DAT\n1  0 345.4588 -219.5742 -115.4288 0.8345926 -0.5449561 -0.08770543 0.5419706 0.8391896 -0.05695447 0.104592 0 0.995129 572B.DAT\n1  0 328.767 -230.4136 -117.5206 0.8345926 -0.5449561 -0.08770543 0.5419706 0.8391896 -0.05695447 0.104592 0 0.995129 572B.DAT\n1  0 312.0751 -241.253 -119.6125 0.8345926 -0.5449561 -0.08770543 0.5419706 0.8391896 -0.05695447 0.104592 0 0.995129 572B.DAT\n1  0 295.3833 -252.0924 -121.7043 0.8345926 -0.5449561 -0.08770543 0.5419706 0.8391896 -0.05695447 0.104592 0 0.995129 572B.DAT\n1  0 278.6915 -262.9318 -123.7962 0.8345926 -0.5449561 -0.08770543 0.5419706 0.8391896 -0.05695447 0.104592 0 0.995129 572B.DAT\n1  0 261.9996 -273.7712 -125.888 0.8345926 -0.5449561 -0.08770543 0.5419706 0.8391896 -0.05695447 0.104592 0 0.995129 572B.DAT\n1  0 245.3078 -284.6106 -127.9799 0.8345926 -0.5449561 -0.08770543 0.5419706 0.8391896 -0.05695447 0.104592 0 0.995129 572B.DAT\n1  0 228.6159 -295.45 -130.0717 0.8345926 -0.5449561 -0.08770543 0.5419706 0.8391896 -0.05695447 0.104592 0 0.995129 572B.DAT\n1  0 211.924 -306.2895 -132.1635 0.8345926 -0.5449561 -0.08770543 0.5419706 0.8391896 -0.05695447 0.104592 0 0.995129 572B.DAT\n1  0 195.2322 -317.1288 -134.2554 0.8345926 -0.5449561 -0.08770543 0.5419706 0.8391896 -0.05695447 0.104592 0 0.995129 572B.DAT\n1  0 178.5403 -327.9683 -136.3472 0.8345926 -0.5449561 -0.08770543 0.5419706 0.8391896 -0.05695447 0.104592 0 0.995129 572B.DAT\n1  0 161.8485 -338.8077 -138.4391 0.8345926 -0.5449561 -0.08770543 0.5419706 0.8391896 -0.05695447 0.104592 0 0.995129 572B.DAT\n1  0 395.5344 -187.056 -109.1533 0.8345926 -0.5449561 -0.08770543 0.5419706 0.8391896 -0.05695447 0.104592 0 0.995129 572B.DAT\n1  0 412.2262 -176.2165 -107.0614 0.8345926 -0.5449561 -0.08770543 0.5419706 0.8391896 -0.05695447 0.104592 0 0.995129 572B.DAT\n1  0 428.9181 -165.3771 -104.9696 0.8345926 -0.5449561 -0.08770543 0.5419706 0.8391896 -0.05695447 0.104592 0 0.995129 572B.DAT\n1  0 445.6099 -154.5377 -102.8777 0.8345926 -0.5449561 -0.08770543 0.5419706 0.8391896 -0.05695447 0.104592 0 0.995129 572B.DAT\n1  0 462.3018 -143.6983 -100.7859 0.8345926 -0.5449561 -0.08770543 0.5419706 0.8391896 -0.05695447 0.104592 0 0.995129 572B.DAT\n1  0 -460 -144 -100 -0.8333109 0.5446858 -0.09444226 0.5410908 0.8386385 0.06250999 0.1131989 0.000987727 -0.9941785 572B.DAT\n1  0 -443.3338 -154.8218 -102.264 -0.8333109 0.5446858 -0.09444226 0.5410908 0.8386385 0.06250999 0.1131989 0.000987727 -0.9941785 572B.DAT\n1  0 -426.6676 -165.6436 -104.528 -0.8333109 0.5446858 -0.09444226 0.5410908 0.8386385 0.06250999 0.1131989 0.000987727 -0.9941785 572B.DAT\n1  0 -410.0013 -176.4655 -106.7919 -0.8333109 0.5446858 -0.09444226 0.5410908 0.8386385 0.06250999 0.1131989 0.000987727 -0.9941785 572B.DAT\n1  0 -393.3351 -187.2873 -109.0559 -0.8333109 0.5446858 -0.09444226 0.5410908 0.8386385 0.06250999 0.1131989 0.000987727 -0.9941785 572B.DAT\n1  0 -376.6689 -198.1091 -111.3199 -0.8333109 0.5446858 -0.09444226 0.5410908 0.8386385 0.06250999 0.1131989 0.000987727 -0.9941785 572B.DAT\n1  0 -360.0027 -208.9309 -113.5839 -0.8333109 0.5446858 -0.09444226 0.5410908 0.8386385 0.06250999 0.1131989 0.000987727 -0.9941785 572B.DAT\n1  0 -343.3365 -219.7527 -115.8478 -0.8333109 0.5446858 -0.09444226 0.5410908 0.8386385 0.06250999 0.1131989 0.000987727 -0.9941785 572B.DAT\n1  0 -326.6703 -230.5745 -118.1118 -0.8333109 0.5446858 -0.09444226 0.5410908 0.8386385 0.06250999 0.1131989 0.000987727 -0.9941785 572B.DAT\n1  0 -310.004 -241.3964 -120.3758 -0.8333109 0.5446858 -0.09444226 0.5410908 0.8386385 0.06250999 0.1131989 0.000987727 -0.9941785 572B.DAT\n1  0 -293.3378 -252.2182 -122.6398 -0.8333109 0.5446858 -0.09444226 0.5410908 0.8386385 0.06250999 0.1131989 0.000987727 -0.9941785 572B.DAT\n1  0 -276.6716 -263.04 -124.9038 -0.8333109 0.5446858 -0.09444226 0.5410908 0.8386385 0.06250999 0.1131989 0.000987727 -0.9941785 572B.DAT\n1  0 -260.0054 -273.8618 -127.1677 -0.8333109 0.5446858 -0.09444226 0.5410908 0.8386385 0.06250999 0.1131989 0.000987727 -0.9941785 572B.DAT\n1  0 -243.3392 -284.6836 -129.4317 -0.8333109 0.5446858 -0.09444226 0.5410908 0.8386385 0.06250999 0.1131989 0.000987727 -0.9941785 572B.DAT\n1  0 -226.6729 -295.5054 -131.6957 -0.8333109 0.5446858 -0.09444226 0.5410908 0.8386385 0.06250999 0.1131989 0.000987727 -0.9941785 572B.DAT\n1  0 -210.0067 -306.3273 -133.9597 -0.8333109 0.5446858 -0.09444226 0.5410908 0.8386385 0.06250999 0.1131989 0.000987727 -0.9941785 572B.DAT\n1  0 -193.3405 -317.1491 -136.2236 -0.8333109 0.5446858 -0.09444226 0.5410908 0.8386385 0.06250999 0.1131989 0.000987727 -0.9941785 572B.DAT\n1  0 -176.6743 -327.9709 -138.4876 -0.8333109 0.5446858 -0.09444226 0.5410908 0.8386385 0.06250999 0.1131989 0.000987727 -0.9941785 572B.DAT\n1  0 -160.0081 -338.7927 -140.7516 -0.8333109 0.5446858 -0.09444226 0.5410908 0.8386385 0.06250999 0.1131989 0.000987727 -0.9941785 572B.DAT\n1  0 -69.05782 -185.189 21 0 -0.4383712 -0.8987939 0 0.8987939 -0.4383712 1 0 0 3711.DAT\n1  0 -83.43851 -192.2029 21 0 -0.4383712 -0.8987939 0 0.8987939 -0.4383712 1 0 0 3711.DAT\n1  0 -97.81922 -199.2168 21 0 -0.4383712 -0.8987939 0 0.8987939 -0.4383712 1 0 0 3711.DAT\n1  0 -112.1999 -206.2308 21 0 -0.4383712 -0.8987939 0 0.8987939 -0.4383712 1 0 0 3711.DAT\n1  0 -126.5806 -213.2447 21 0 -0.4383712 -0.8987939 0 0.8987939 -0.4383712 1 0 0 3711.DAT\n1  0 -140.9613 -220.2587 21 0 -0.4383712 -0.8987939 0 0.8987939 -0.4383712 1 0 0 3711.DAT\n1  0 -155.342 -227.2726 21 0 -0.4383712 -0.8987939 0 0.8987939 -0.4383712 1 0 0 3711.DAT\n1  0 -169.7227 -234.2865 21 0 -0.4383712 -0.8987939 0 0.8987939 -0.4383712 1 0 0 3711.DAT\n1  0 -184.1034 -241.3005 21 0 -0.4383712 -0.8987939 0 0.8987939 -0.4383712 1 0 0 3711.DAT\n1  0 -198.4841 -248.3144 21 0 -0.4383712 -0.8987939 0 0.8987939 -0.4383712 1 0 0 3711.DAT\n1  0 -212.8648 -255.3283 21 0 -0.4383712 -0.8987939 0 0.8987939 -0.4383712 1 0 0 3711.DAT\n1  0 -227.2455 -262.3423 21 0 -0.4383712 -0.8987939 0 0.8987939 -0.4383712 1 0 0 3711.DAT\n1  0 -241.6262 -269.3562 21 0 -0.4383712 -0.8987939 0 0.8987939 -0.4383712 1 0 0 3711.DAT\n1  0 -256.007 -276.3702 21 0 -0.2419219 -0.9702955 0 0.9702955 -0.2419219 1 0 0 3711.DAT\n1  0 -271.5317 -280.2408 21 0 0.1564343 -0.9876882 0 0.9876882 0.1564343 1 0 0 3711.DAT\n1  0 -287.3347 -277.7379 21 0 0.5591927 -0.8290375 0 0.8290375 0.5591927 1 0 0 3711.DAT\n1  0 -300.5993 -268.7907 21 0 0.9702954 -0.2419221 0 0.2419221 0.9702954 1 0 0 3711.DAT\n1  0 -304.4699 -253.2659 21 0 0.9848076 0.1736478 0 -0.1736478 0.9848076 1 0 0 3711.DAT\n1  0 -301.6915 -237.5089 21 0 0.7880108 0.6156611 0 -0.6156611 0.7880108 1 0 0 3711.DAT\n1  0 -291.841 -224.9007 21 0 0.4226185 0.9063075 0 -0.9063075 0.4226185 1 0 0 3711.DAT\n1  0 -277.34 -218.1388 21 0 0.3255685 0.9455183 0 -0.9455183 0.3255685 1 0 0 3711.DAT\n1  0 -262.2117 -212.9296 21 0 0.3255685 0.9455183 0 -0.9455183 0.3255685 1 0 0 3711.DAT\n1  0 -247.0833 -207.7206 21 0 0.3255685 0.9455183 0 -0.9455183 0.3255685 1 0 0 3711.DAT\n1  0 -231.955 -202.5115 21 0 0.3255685 0.9455183 0 -0.9455183 0.3255685 1 0 0 3711.DAT\n1  0 -216.8268 -197.3024 21 0 0.3255685 0.9455183 0 -0.9455183 0.3255685 1 0 0 3711.DAT\n1  0 -201.6985 -192.0933 21 0 0.3255685 0.9455183 0 -0.9455183 0.3255685 1 0 0 3711.DAT\n1  0 -186.5702 -186.8841 21 0 0.3255685 0.9455183 0 -0.9455183 0.3255685 1 0 0 3711.DAT\n1  0 -171.4418 -181.6751 21 0 0.3255685 0.9455183 0 -0.9455183 0.3255685 1 0 0 3711.DAT\n1  0 -156.3136 -176.466 21 0 0.3255685 0.9455183 0 -0.9455183 0.3255685 1 0 0 3711.DAT\n1  0 -141.1853 -171.2569 21 0 0.3255685 0.9455183 0 -0.9455183 0.3255685 1 0 0 3711.DAT\n1  0 -126.057 -166.0479 21 0 0.3255685 0.9455183 0 -0.9455183 0.3255685 1 0 0 3711.DAT\n1  0 -110.9288 -160.8387 21 0 0.3255685 0.9455183 0 -0.9455183 0.3255685 1 0 0 3711.DAT\n1  0 -95.80051 -155.6296 21 0 -0.01745194 1 0 -1 -0.01745194 1 0 0 3711.DAT\n1  0 -79.80286 -155.909 21 0 -0.7313532 0.6819986 0 -0.6819986 -0.7313532 1 0 0 3711.DAT\n1  0 -68.89088 -167.6108 21 0 -1 0.01745294 0 -0.01745294 -1 1 0 0 3711.DAT\n1  0 -105.3142 -184.4464 40 0 0.9031277 -0.4307877 0 0.430788 0.9031276 1 0 0 3711.DAT\n1  0 -112.2072 -169.9962 40 0 0.8344026 0.5522593 0 -0.5522593 0.8344023 1 0 0 3711.DAT\n1  0 -103.3711 -156.6457 40 0 0.2336036 0.9729578 0 -0.972958 0.2336033 1 0 0 3711.DAT\n1  0 -87.80367 -152.9079 40 0 -0.1823302 0.9838562 0 -0.9838564 -0.1823303 1 0 0 3711.DAT\n1  0 -72.06199 -155.8251 40 0 -0.1823302 0.9838562 0 -0.9838564 -0.1823303 1 0 0 3711.DAT\n1  0 -56.32043 -158.7423 40 0 -0.1823302 0.9838562 0 -0.9838564 -0.1823303 1 0 0 3711.DAT\n1  0 -40.57861 -161.6597 40 0 -0.1823302 0.9838562 0 -0.9838564 -0.1823303 1 0 0 3711.DAT\n1  0 -24.83682 -164.577 40 0 -0.1823302 0.9838562 0 -0.9838564 -0.1823303 1 0 0 3711.DAT\n1  0 -9.095174 -167.4943 40 0 -0.1823302 0.9838562 0 -0.9838564 -0.1823303 1 0 0 3711.DAT\n1  0 6.646526 -170.4115 40 0 -0.1823302 0.9838562 0 -0.9838564 -0.1823303 1 0 0 3711.DAT\n1  0 22.38823 -173.3288 40 0 -0.1823302 0.9838562 0 -0.9838564 -0.1823303 1 0 0 3711.DAT\n1  0 38.12985 -176.2461 40 0 -0.1823302 0.9838562 0 -0.9838564 -0.1823303 1 0 0 3711.DAT\n1  0 53.8716 -179.1634 40 0 -0.1823302 0.9838562 0 -0.9838564 -0.1823303 1 0 0 3711.DAT\n1  0 69.61324 -182.0807 40 0 -0.1823302 0.9838562 0 -0.9838564 -0.1823303 1 0 0 3711.DAT\n1  0 85.35499 -184.998 40 0 -0.1823302 0.9838562 0 -0.9838564 -0.1823303 1 0 0 3711.DAT\n1  0 101.0967 -187.9153 40 0 -0.1823302 0.9838562 0 -0.9838564 -0.1823303 1 0 0 3711.DAT\n1  0 116.8385 -190.8325 40 0 -0.1823302 0.9838562 0 -0.9838564 -0.1823303 1 0 0 3711.DAT\n1  0 132.5801 -193.7499 40 0 -0.1823302 0.9838562 0 -0.9838564 -0.1823303 1 0 0 3711.DAT\n1  0 148.3219 -196.6671 40 0 -0.1823302 0.9838562 0 -0.9838564 -0'),
        TextPart('lego_bricks [\'2335\', \'2339\', \'2341\', \'2357\', \'2420\', \'2431\', \'2435\', \'2444\', \'2540\', \'2654\', \'2921\', \'3002\', \'3003\', \'30039\', \'3004\', \'3005\', \'3006\', \'3009\', \'3010\', \'30136\', \'30162\', \'30179\', \'3020\', \'3021\', \'3022\', \'3023\', \'3024\', \'3032\', \'3033\', \'3035\', \'30363\', \'3039\', \'30414\', \'30586\', \'30613\', \'3082\', \'32000\', \'32014\', \'32028\', \'32054\', \'32062\', \'32251\', \'32530\', \'32556\', \'33243\', \'33320\', \'3455\', \'3460\', \'3471\', \'3622\', \'3623\', \'3659\', \'3665\', \'3666\', \'3679\', \'3680\', \'3710\', \'3713\', \'3749\', \'3794\', \'3795\', \'3832\', \'3937\', \'3956\', \'3957\', \'3958\', \'4032\', \'4070\', \'4073\', \'4079\', \'4162\', \'4274\', \'44728\', \'4490\', \'4510\', \'4522\', \'4592\', \'4593\', \'4595\', \'4733\', \'4865\', \'48729\', \'50746\', \'54200\', \'57895\', \'6005\', \'6019\', \'6020\', \'60475\', \'60478\', \'60592\', \'60593\', \'60602\', \'60623\', \'6091\', \'6111\', \'6126\', \'6134\', \'6266\', \'62930\', \'6587\', \'6636\']'),
